,Ayon Chakraborty,Shishir N. Y. Kolathaya,Surender Baswana,Neeldhara Misra,Mayank Singh,Chandan Saha,Rijurekha Sen,Gugan Thoppe | गुगन थोप्पे,Narasimha Murty M/ M. N. Murty/M. N. Narasimha Murthy,Vinay P. Namboodiri,Anirban Dasgupta,Arkaprava Basu,Chester Rebeiro,Purushottam Kar,Sukhendu Das,Uday Reddy Bondhugula,Subhashish Banerjee,Piyush Rai,Mitesh Khapra,Shalabh Bhatnagar,Prashanth L.A.,Shanmuganathan Raman,Abhishek Bichhawat,Vinay Ribeiro,Vijay Natarajan,Vinod Ganapathy,Shirish Shevade,Smruti R. Sarangi,Partha Talukdar,Nipun Batra,Arindam Khan,Nitin Saxena,KC Sivaramakrishnan,Raghavan Komondoor,Shweta Agrawal,V Krishna Nandivada,Naveen Garg,Arpita Patra,Arnab Bhattacharya,Jayant Haritsa,Bhavana Kanukurthi,Kartik Nagar,Devarajan Sridharan,Balaraman Ravindran,Siddharth Barman,Chaya Ganesh,Anurag Mittal
Ayon Chakraborty,0.9999999999999999,0.7224641863261908,-0.09621368243089226,-0.00559567389751848,0.013835802427529714,0.13179800380886003,0.7460621824680735,0.5180961506117109,0.6174663801087328,0.6737495270718291,0.36402323270007914,-0.31585416464355515,0.5702366182689003,0.6019737167053291,0.7913804805496888,0.10214358725444785,0.5112627476280002,0.6870085113816881,0.2825104419853086,0.5019628622471469,0.24085110919566372,0.774509627544824,0.2590072771206578,0.7986097718116643,0.21255470947803723,0.5436776291638716,0.5650309447554309,0.7705409614065156,0.21351076973385927,0.6599678859847359,-0.13794117134186737,0.09348401530994747,-0.32096032219059134,0.3424467087143338,0.6187042867271092,-0.2910816029676635,-0.09926510496418936,0.5883243104459069,-0.12350309104659905,-0.2780829028296776,0.5296993494810933,-0.3055849445046291,0.7152687992364491,0.7456525347430673,0.002185420701521811,0.49430297431961995,0.7417330389227555
Shishir N. Y. Kolathaya,0.7224641863261908,0.9999999999999999,-0.022507572002451855,0.07574826227948445,0.009666804106834763,0.2413509844086027,0.6998657515588503,0.4216286607672352,0.629726521796756,0.6254731758708882,0.3985068091664599,-0.37987433166364015,0.028403979610659894,0.5967469394718197,0.6601081319359983,0.14953800418836707,-0.0570014786029859,0.668783310552928,0.28405401561379395,0.7070250062676335,0.409638881552046,0.6769454418833977,-0.0804678752049884,0.41201498631256683,0.05362214650910563,0.1406264687834557,0.56109374043625,0.48477811589872394,0.25133253523242305,0.626067179498992,-0.05174414880938061,0.03867362177285354,-0.19635301906936725,0.05156482903047134,0.07677042811358266,-0.22847949614550825,-0.0916269913114497,0.05963478850162196,-0.1451981566470218,-0.33645527872049863,0.04331584251473486,-0.37363587482510585,0.6930168527512917,0.7975902666609289,0.0842981910769694,-0.07768048701176891,0.6340792858674152
Surender Baswana,-0.09621368243089226,-0.022507572002451855,1.0000000000000004,0.6963580225757173,-0.12517806772141474,0.6410911475122385,-0.1798383072521205,0.3799792633702502,0.1779558521286811,-0.15461597583544878,0.7115498822062342,0.06476195375494441,0.24043665430888267,0.18882610994332813,-0.08936235367840893,0.4441120388732969,0.036592577547278314,-0.0017864808950615787,-0.11061616135888336,0.3746603889743432,0.6265852414508195,-0.12791474791508417,0.2378625930179572,-0.18351291041610296,0.6110401590521257,-0.11225881624529295,-0.1308896154350139,0.2829002271616076,-0.01311339372617387,0.25657596941954075,0.707017696889955,0.6778309069647043,0.09643315705363756,0.13164007392500218,-0.060502231445394565,0.30275840040902724,0.6373471858055675,0.007692222729370019,0.49237796848893667,0.3018062810133711,-0.23745857845702356,0.07087479623525375,0.07936914615223943,0.04187671452085398,0.6791679965040752,-0.1170359112192914,-0.17248363710697984
Neeldhara Misra,-0.00559567389751848,0.07574826227948445,0.6963580225757173,1.0000000000000002,-0.20760019045739386,0.9708634441473301,-0.1668105613013155,0.6534274968076108,0.014534721325017234,-0.1859815533906319,0.5526208666722605,-0.2544181803803878,0.3060489968046075,0.05771211567271487,-0.08044795646710531,0.7489371194107802,-0.03630775773552478,-0.08944787077566115,-0.18537210309830435,0.5990486098765332,0.9176423844625772,-0.08487780988416549,-0.0387346592926373,-0.15938187888122754,0.039444288534491695,-0.35366919610715347,-0.12804803009055446,0.17435847786446196,-0.16660262133657028,0.03601710089116776,0.951264086399916,0.9582664358032881,-0.008592550726109984,-0.2662686956627661,0.04599971425502966,0.12894525284443556,0.9595433642671516,0.19086021499831532,-0.047200970459446406,-0.08574899387941365,0.06899739132968714,-0.0019235973241074607,-0.13549966849300613,0.06281256051610652,0.9946244615935579,-0.03421645380530059,-0.18405711481871187
Mayank Singh,0.013835802427529714,0.009666804106834763,-0.12517806772141474,-0.20760019045739386,0.9999999999999993,-0.14222484075595576,0.29107845497783946,-0.0979186498639507,0.2975073998296504,0.6111532877863297,0.2662859520102701,0.6893564292141853,-0.21506800935601594,0.39710174212278826,0.22100575455726384,0.39078347977827754,0.19983318381362225,0.39186796629022785,0.9363901255945616,-0.012220645079293194,-0.1257018747563085,0.1954395281542513,0.03724579340914203,0.12098437144917712,0.06719314162218344,0.08091388555219177,0.5967933548455782,0.22781842129498697,0.9207901866150205,0.3905952157700282,-0.19748098447636145,-0.1415316143685842,0.26139718559208486,0.013948582230806628,-0.07824306882746819,0.11877929350616845,-0.1394096193997907,-0.10441889464445865,-0.0643393598612544,0.04507070475612943,0.09336252234917461,-0.14173672158427583,0.3056254500867329,0.31436871912763764,-0.21787759246759783,-0.1415381750540435,0.3975488054550853
Chandan Saha,0.13179800380886003,0.2413509844086027,0.6410911475122385,0.9708634441473301,-0.14222484075595576,0.9999999999999998,0.04238295526730294,0.7146144892966817,0.20543403763649443,0.011253141440271869,0.6389431665593891,-0.31689329407259015,0.25498945435791953,0.24702380952380945,0.06685406580320771,0.802377419802878,-0.07370397645906004,0.12083404182471716,-0.04914448460443608,0.7510466508870993,0.9755576472386346,0.07053537387924068,-0.130801270978343,-0.009082281268746656,-0.011036910370895102,-0.37405573845785467,0.08750619572636051,0.24606807458731114,-0.03962908752991243,0.20524130037529578,0.8884548646137695,0.9029603442226118,-0.11706368533500446,-0.29146188326172906,0.051541752498219275,0.038420226378229144,0.9116097016507416,0.18812807974102064,-0.09195620984470756,-0.11817062277809491,0.0921734839760378,-0.10857109293374195,0.025673708261710143,0.2764477554124962,0.9762326886307753,-0.07621384510621156,-0.02115304510695042
Rijurekha Sen,0.7460621824680735,0.6998657515588503,-0.1798383072521205,-0.1668105613013155,0.29107845497783946,0.04238295526730294,1.0000000000000004,0.4966164754233709,0.9182767848623115,0.8594614880694242,0.49705693210849017,-0.16545656410251386,0.10530098775180931,0.8957183492652326,0.6671930448726039,0.13084694598060545,0.12484527858767,0.9619595688217888,0.580094738800413,0.6363752422458696,0.19863161859506753,0.7130851614963619,-0.04965382619453803,0.8188654880414568,0.10335654687290101,0.3460933229536369,0.896818315426479,0.648931138905339,0.58661920788379,0.8632309132901305,-0.21202164209032504,-0.21279607131793965,-0.10700997338804083,0.2852372870857488,0.2499250651601142,-0.030437857295030617,-0.2812717576297081,0.24278967442458244,0.02124819376348281,-0.09798781527148337,0.3803285534894446,-0.15079991581717217,0.7957874934523049,0.9366791839766281,-0.1368612893352062,0.08218292784563089,0.7065748508308483
Gugan Thoppe | गुगन थोप्पे,0.5180961506117109,0.4216286607672352,0.3799792633702502,0.6534274968076108,-0.0979186498639507,0.7146144892966817,0.4966164754233709,1.0000000000000004,0.5349568784384569,0.2662486852289338,0.699681408237855,-0.3310011374422267,0.5562479581430214,0.5379757574498516,0.27529275315342966,0.5327656949488075,0.2181247907265516,0.45431722002797886,0.06858653167207401,0.8132312762650318,0.7810605940043505,0.3229978995648317,0.15396125565047142,0.4888243121171479,0.18622582003732846,0.21785824302120768,0.3221282366720592,0.6915375351283575,0.11548142997947546,0.5134335635765218,0.6773446039382296,0.6267831705280088,0.20575165574635007,0.20892772350933625,0.37984536746926734,0.3405026123034995,0.5425954715889633,0.5238433695310536,0.08404377528635637,-0.0960022677748992,0.5616156927828215,0.22899004493201472,0.3206828200578625,0.5386058735506196,0.6637768480438537,0.26314478695833166,0.1861688300591837
Narasimha Murty M/ M. N. Murty/M. N. Narasimha Murthy,0.6174663801087328,0.629726521796756,0.1779558521286811,0.014534721325017234,0.2975073998296504,0.20543403763649443,0.9182767848623115,0.5349568784384569,0.9999999999999998,0.8086802222312692,0.7449179353913283,-0.0496000956114298,0.07515008176707628,0.9763199969561482,0.596283306649902,0.2526195511647149,0.06388164806930437,0.9721986943780699,0.5808094395563116,0.7076791282102333,0.35495618369966553,0.6308991357013989,-0.013626170854947998,0.6891285627061864,0.3635382535258275,0.27445069808020117,0.8706044524703266,0.6900923287821471,0.6389959429860914,0.9707058823268587,-0.0182841731326195,-0.05508985938546764,-0.05978707948748894,0.31339303293058524,0.1185277930752222,0.11847139346578266,-0.13072349302707165,0.12793120399827457,0.21177085578522528,-0.004946036339132058,0.18276066219139384,-0.16391308416442388,0.8313209764651409,0.9319372299497907,0.03155633257234743,-0.06591588584419224,0.6204843810067626
Vinay P. Namboodiri,0.6737495270718291,0.6254731758708882,-0.15461597583544878,-0.1859815533906319,0.6111532877863297,0.011253141440271869,0.8594614880694242,0.2662486852289338,0.8086802222312692,1.0000000000000002,0.5160696419042514,0.06743755089989696,-0.035253026575342634,0.8040254731100384,0.8248124488171473,0.30897951837613324,0.14258931252406512,0.9128251913164671,0.8417820291272985,0.4634579437433846,0.11439031517624555,0.8285678795124771,-0.14167757975576897,0.6126119491309217,0.1395160830159662,0.22634726335212402,0.9346747407262508,0.5630900292436152,0.7887778098204674,0.8395711765099305,-0.26860318761197677,-0.15329908667023953,-0.18116240608190334,0.2589712726273949,0.08974241373774443,-0.1314394803590777,-0.2606021318933176,0.05130755052256161,-0.014368884872776967,-0.12084378293878054,0.18153574130459119,-0.3354955639588879,0.8768951112489,0.9012339031040137,-0.16967705153953808,-0.07454161810189651,0.9054157319615364
Anirban Dasgupta,0.36402323270007914,0.3985068091664599,0.7115498822062342,0.5526208666722605,0.2662859520102701,0.6389431665593891,0.49705693210849017,0.699681408237855,0.7449179353913283,0.5160696419042514,0.9999999999999997,0.03411847462179731,0.22073542951875477,0.7424717293437405,0.42314682058816194,0.6346175484902637,0.08086047085245478,0.6429417674497243,0.43753796236211123,0.7410457291628348,0.7052037634527644,0.42845520949509996,0.07019109165671042,0.30542288480088725,0.5582496305307038,0.08134045797478057,0.5327694688676081,0.6703524727475589,0.5092176800417342,0.7961331663050633,0.5580420604591385,0.5281664519758962,0.12724909707356916,0.31076632529162407,0.016858537214376832,0.3573650209277712,0.428688877631121,0.09972449695935331,0.4024432485944241,0.13171153101943825,0.05908020464697487,0.008465396459605892,0.6218076265294255,0.6716840162654202,0.5516808926019053,-0.14077050106270744,0.39440619842552493
Arkaprava Basu,-0.31585416464355515,-0.37987433166364015,0.06476195375494441,-0.2544181803803878,0.6893564292141853,-0.31689329407259015,-0.16545656410251386,-0.3310011374422267,-0.0496000956114298,0.06743755089989696,0.03411847462179731,1.0,-0.08419053930562599,0.051074791631393474,-0.2829166284920661,-0.0424990839530622,0.2937402168852588,-0.05001483311341745,0.4944352232712386,-0.3836824144898819,-0.3235105622259756,-0.32133242198234135,0.398098081093099,-0.14564901623059298,0.3540307965951657,0.314667605416079,0.057133964444551974,0.14059233568527876,0.5584776223998358,0.07415873172865942,-0.19126713486885816,-0.1835759247676651,0.44973426277133294,-0.0037721080431711847,-0.0367197805749972,0.27049620473881875,-0.1622412765971283,-0.08510844464675188,0.011464629058188836,0.03824778401419538,-0.05238871296920051,-0.051143136206137585,-0.08190452242277607,-0.19832266293024328,-0.3059275399490019,-0.0021115448192775693,-0.15189199910092316
Chester Rebeiro,0.5702366182689003,0.028403979610659894,0.24043665430888267,0.3060489968046075,-0.21506800935601594,0.25498945435791953,0.10530098775180931,0.5562479581430214,0.07515008176707628,-0.035253026575342634,0.22073542951875477,-0.08419053930562599,0.9999999999999999,0.12513371371268278,0.13381646964588517,0.10521338852954287,0.8494769007069712,0.03797568462715767,-0.1775854481181304,0.1590780715210456,0.25492576312595405,0.08680092136184075,0.7393236078733297,0.5298232400936936,0.36787896795332453,0.6400764106874045,-0.08336443416976855,0.6851663384402992,-0.18032786379515145,0.1631016863782318,0.2735657311994016,0.4653482281223548,0.01224615599946664,0.32642380928833237,0.8911102294207585,0.01632792093415401,0.32228405496615015,0.9244669307395023,-0.006252763672833169,-0.0610680522499325,0.7560217353944061,0.09334640032378581,0.042552411596486255,0.05594276625727537,0.28947327942688705,0.8894888723125962,0.03284226977274111
Purushottam Kar,0.6019737167053291,0.5967469394718197,0.18882610994332813,0.05771211567271487,0.39710174212278826,0.24702380952380945,0.8957183492652326,0.5379757574498516,0.9763199969561482,0.8040254731100384,0.7424717293437405,0.051074791631393474,0.12513371371268278,0.9999999999999999,0.5160855758697779,0.34167170348748926,0.17158736968504645,0.9541731686859907,0.6526401282978778,0.7208302731513232,0.3940101615633056,0.5353287520446763,0.08408653134322056,0.7152296499137971,0.3213287298229692,0.2683123029405542,0.9007473696252492,0.7153652641812591,0.7124005377853986,0.9599232160627676,-0.0004253844755385704,-0.006888542409021947,-0.05825043957775462,0.19012377048900608,0.2149764421800728,0.0617467923935826,-0.054611212846778244,0.22240219689451307,0.10492860373351452,-0.016965925127426458,0.26757057122954725,-0.234889383750884,0.749099207396809,0.9113287078153928,0.07207289776766442,0.019597845884454394,0.5638797452795634
Sukhendu Das,0.7913804805496888,0.6601081319359983,-0.08936235367840893,-0.08044795646710531,0.22100575455726384,0.06685406580320771,0.6671930448726039,0.27529275315342966,0.596283306649902,0.8248124488171473,0.42314682058816194,-0.2829166284920661,0.13381646964588517,0.5160855758697779,1.0,0.2131290928267125,0.13558810372156732,0.7023040856747861,0.47526619663728004,0.36645022514532416,0.1263703623049194,0.9894479126838882,-0.18583469332275837,0.4756979891324056,0.21027018187312216,0.22995623456513176,0.6252342433778877,0.5001283859098897,0.36713144281441024,0.6565938071897515,-0.1779298935632743,0.023465625347124888,-0.3500496996551523,0.44431651472490785,0.10472020726916252,-0.20919556088103208,-0.1959327853587064,0.06939782876587368,0.06812740787835402,-0.19427166534453127,0.09084548453280201,-0.29868731607470755,0.8960413864809296,0.7672136059114433,-0.0691075403227496,-0.009776075446227881,0.9766890474586885
Uday Reddy Bondhugula,0.10214358725444785,0.14953800418836707,0.4441120388732969,0.7489371194107802,0.39078347977827754,0.802377419802878,0.13084694598060545,0.5327656949488075,0.2526195511647149,0.30897951837613324,0.6346175484902637,-0.0424990839530622,0.10521338852954287,0.34167170348748926,0.2131290928267125,1.0,0.04737571242819276,0.24802527183950007,0.4257329279408753,0.5849602711222806,0.7568477765699441,0.1903726362810043,-0.1634829017591872,0.009669842332952346,-0.06130916076457682,-0.40563908493498346,0.37283775758652715,0.22172204878921628,0.4001538016354304,0.30147743179191083,0.6709454356187349,0.7468253968253968,-0.0518973044159856,-0.25714285714285723,0.0013633825840100922,0.04801979405534777,0.7394103551315172,0.11454869383942934,-0.14558069160805714,-0.07395760273292588,0.14240455701873814,-0.1757119726614033,0.13869348706750326,0.35673868632128786,0.7535062761356669,-0.12841976361811427,0.2243010988090837
Subhashish Banerjee,0.5112627476280002,-0.0570014786029859,0.036592577547278314,-0.03630775773552478,0.19983318381362225,-0.07370397645906004,0.12484527858767,0.2181247907265516,0.06388164806930437,0.14258931252406512,0.08086047085245478,0.2937402168852588,0.8494769007069712,0.17158736968504645,0.13558810372156732,0.04737571242819276,1.0000000000000002,0.09088909226052228,0.17289854564432763,-0.09518032625122554,-0.06816890820836954,0.051936633466723225,0.8478196042050005,0.5432469872584342,0.3649325469492951,0.7130974694258213,0.09059320786368283,0.6429251205372765,0.1547853889757124,0.20008883941115774,-0.09481004277034352,0.1696167481997025,0.01843180978706373,0.26612282907194695,0.8959041611300372,-0.10485467442429879,0.04317088846091028,0.8586753879950523,-0.11293315290069034,-0.04165698684050709,0.7271527222313917,-0.09259597478507971,0.07006747681662479,0.040716435536440755,-0.062421706511315546,0.9010411553165121,0.13454272891393615
Piyush Rai,0.6870085113816881,0.668783310552928,-0.0017864808950615787,-0.08944787077566115,0.39186796629022785,0.12083404182471716,0.9619595688217888,0.45431722002797886,0.9721986943780699,0.9128251913164671,0.6429417674497243,-0.05001483311341745,0.03797568462715767,0.9541731686859907,0.7023040856747861,0.24802527183950007,0.09088909226052228,0.9999999999999999,0.6787412757262381,0.6512422897542318,0.2633074495231898,0.7315338805159163,-0.0796237466475576,0.7302263411460962,0.23684297637284585,0.26919794164654,0.9417709443919875,0.6564487098801816,0.6935353711849725,0.9484790572753806,-0.15084491704149708,-0.13315328125156878,-0.14692910176167887,0.2750379252081584,0.14139161914331883,-0.015591909509750016,-0.2121378341497078,0.1299742414893564,0.08890507458854587,-0.07255560258843372,0.22251280201699494,-0.25140644601537354,0.8684581935056673,0.9678098400937056,-0.06827297012967999,-0.04528244274519014,0.7485412629823336
Mitesh Khapra,0.2825104419853086,0.28405401561379395,-0.11061616135888336,-0.18537210309830435,0.9363901255945616,-0.04914448460443608,0.580094738800413,0.06858653167207401,0.5808094395563116,0.8417820291272985,0.43753796236211123,0.4944352232712386,-0.1775854481181304,0.6526401282978778,0.47526619663728004,0.4257329279408753,0.17289854564432763,0.6787412757262381,0.9999999999999998,0.23907958743829244,0.011109518338058788,0.46097517189724896,-0.044359697957202404,0.3521130768525849,0.10085903760880943,0.11658081373714443,0.828325532243554,0.39590738173416995,0.9765121411974109,0.6483492904964211,-0.21990788115439835,-0.14577457410835987,0.08621022298821895,0.07930543526034572,-0.023884929979800715,0.018797035992801733,-0.17271044927798454,-0.05480433582010819,-0.04907938104920276,-0.005255890307228943,0.12811287971368987,-0.2571405628502295,0.5757994916863579,0.6205230125492239,-0.18322970190702945,-0.1492253489629067,0.6319637916792162
Shalabh Bhatnagar,0.5019628622471469,0.7070250062676335,0.3746603889743432,0.5990486098765332,-0.012220645079293194,0.7510466508870993,0.6363752422458696,0.8132312762650318,0.7076791282102333,0.4634579437433846,0.7410457291628348,-0.3836824144898819,0.1590780715210456,0.7208302731513232,0.36645022514532416,0.5849602711222806,-0.09518032625122554,0.6512422897542318,0.23907958743829244,1.0,0.8629345185893682,0.40781073896196884,-0.13182218394812326,0.4375029918453578,0.01980888910033873,-0.10633928053266073,0.5661404373095141,0.5242889068377696,0.2718862826280136,0.6505446129239608,0.516793568856517,0.4762968671359063,-0.09996451280572953,-0.10157741908138421,0.11570103792705858,0.014080035964838263,0.46848742340845806,0.20747192006902918,-0.03622708345694877,-0.12039214851204337,0.2135833066977134,-0.14882446032954733,0.4629110515944184,0.7672746551739038,0.6248926646692347,-0.08265340182195256,0.3254139633078842
Prashanth L.A.,0.24085110919566372,0.409638881552046,0.6265852414508195,0.9176423844625772,-0.1257018747563085,0.9755576472386346,0.19863161859506753,0.7810605940043505,0.35495618369966553,0.11439031517624555,0.7052037634527644,-0.3235105622259756,0.25492576312595405,0.3940101615633056,0.1263703623049194,0.7568477765699441,-0.06816890820836954,0.2633074495231898,0.011109518338058788,0.8629345185893682,1.0,0.1386781377762383,-0.07989131280299813,0.0970779484528996,0.043817587852627814,-0.2797043656342011,0.20172673231367816,0.3623377168813869,0.039157418039155664,0.34690047477862485,0.832572336223933,0.8307610783980014,-0.07596940494218535,-0.25394062375401094,0.07817750263780282,0.058666141020398015,0.8248175047535151,0.2074792197014858,-0.08284392688351333,-0.1501275692902882,0.11787410856688528,-0.13358339949388745,0.14387398358024991,0.4167153466748955,0.9226637774032976,-0.07292863247342186,0.04371246290132096
Shanmuganathan Raman,0.774509627544824,0.6769454418833977,-0.12791474791508417,-0.08487780988416549,0.1954395281542513,0.07053537387924068,0.7130851614963619,0.3229978995648317,0.6308991357013989,0.8285678795124771,0.42845520949509996,-0.32133242198234135,0.08680092136184075,0.5353287520446763,0.9894479126838882,0.1903726362810043,0.051936633466723225,0.7315338805159163,0.46097517189724896,0.40781073896196884,0.1386781377762383,1.0,-0.25703473621701795,0.4848474789589499,0.1713981826445526,0.21941172700089787,0.6416346156292929,0.48903446987177196,0.3622463815649688,0.6658931258770799,-0.15757921948435108,-0.006388343499362586,-0.2946292610418098,0.4587439046208922,0.0518230497928451,-0.14043108772001597,-0.21439189632198236,0.031218707189543293,0.08582284886316865,-0.19938648413353405,0.09567489389204537,-0.2259835469868333,0.9040609459233624,0.7937827072342283,-0.06932416633813403,-0.06373795828618857,0.9640881955766213
Abhishek Bichhawat,0.2590072771206578,-0.0804678752049884,0.2378625930179572,-0.0387346592926373,0.03724579340914203,-0.130801270978343,-0.04965382619453803,0.15396125565047142,-0.013626170854947998,-0.14167757975576897,0.07019109165671042,0.398098081093099,0.7393236078733297,0.08408653134322056,-0.18583469332275837,-0.1634829017591872,0.8478196042050005,-0.0796237466475576,-0.044359697957202404,-0.13182218394812326,-0.07989131280299813,-0.25703473621701795,0.9999999999999999,0.3087247259253959,0.5531924727467851,0.7430782962317688,-0.15130077640760176,0.573453772092438,0.027382587153038415,0.11491321773370898,-0.028042978347670857,0.10596114002910281,0.3041067194003672,0.27247150293197864,0.7242059169353395,0.1387699669654741,-5.1167101070653126e-18,0.6915693797156842,0.07307003391638675,0.052166928324410416,0.5035434510665531,0.06636347265730044,-0.08500326480627143,-0.1451314660258637,-0.08124312761804059,0.767104377674704,-0.20170301399024196
Vinay Ribeiro,0.7986097718116643,0.41201498631256683,-0.18351291041610296,-0.15938187888122754,0.12098437144917712,-0.009082281268746656,0.8188654880414568,0.4888243121171479,0.6891285627061864,0.6126119491309217,0.30542288480088725,-0.14564901623059298,0.5298232400936936,0.7152296499137971,0.4756979891324056,0.009669842332952346,0.5432469872584342,0.7302263411460962,0.3521130768525849,0.4375029918453578,0.0970779484528996,0.4848474789589499,0.3087247259253959,0.9999999999999997,0.09077146907465912,0.5510337270380155,0.6658067404343568,0.7124004344675988,0.34308440498598386,0.6497837644695671,-0.2258734104583303,-0.13523765001882695,-0.22137161466322697,0.29640168890136664,0.7151351849317561,-0.19785085244718958,-0.16607944752003345,0.688728579769199,-0.020294683541885766,0.0440465425380692,0.7289444502121397,-0.0814079281422304,0.514677372055534,0.6758799236674476,-0.12319808746341522,0.5907889256756026,0.49301296871381006
Vijay Natarajan,0.21255470947803723,0.05362214650910563,0.6110401590521257,0.039444288534491695,0.06719314162218344,-0.011036910370895102,0.10335654687290101,0.18622582003732846,0.3635382535258275,0.1395160830159662,0.5582496305307038,0.3540307965951657,0.36787896795332453,0.3213287298229692,0.21027018187312216,-0.06130916076457682,0.3649325469492951,0.23684297637284585,0.10085903760880943,0.01980888910033873,0.043817587852627814,0.1713981826445526,0.5531924727467851,0.09077146907465912,1.0000000000000002,0.5787726791284798,0.034685150732211234,0.5997371682762037,0.20751248573057196,0.5060429955904108,0.11260898740306476,0.14187568612828355,0.3071494193848801,0.6519993442848265,0.11092428128643118,0.47821993559974907,-0.08186763256101974,0.10188376655702026,0.5666021976030007,0.10120088710947536,-0.09032543253417967,0.08586204586166254,0.4574516486810869,0.1581659789732878,-0.013965035873469782,0.1134408569046392,0.15025041609754286
Vinod Ganapathy,0.5436776291638716,0.1406264687834557,-0.11225881624529295,-0.35366919610715347,0.08091388555219177,-0.37405573845785467,0.3460933229536369,0.21785824302120768,0.27445069808020117,0.22634726335212402,0.08134045797478057,0.314667605416079,0.6400764106874045,0.2683123029405542,0.22995623456513176,-0.40563908493498346,0.7130974694258213,0.26919794164654,0.11658081373714443,-0.10633928053266073,-0.2797043656342011,0.21941172700089787,0.7430782962317688,0.5510337270380155,0.5787726791284798,0.9999999999999999,0.11155420754312828,0.7351806977820263,0.1580208420830405,0.3672814742424321,-0.29090423695523165,-0.20116439240341294,0.3350254068665241,0.6111323313521407,0.6200623661014079,0.24822204518729804,-0.3926084205047462,0.5777181273544215,0.1331609397873075,-0.12039953599783099,0.5441696415430993,0.14698749239349757,0.3403204131799618,0.16964335813503492,-0.3911489465449038,0.6519999007243026,0.20860857096565216
Shirish Shevade,0.5650309447554309,0.56109374043625,-0.1308896154350139,-0.12804803009055446,0.5967933548455782,0.08750619572636051,0.896818315426479,0.3221282366720592,0.8706044524703266,0.9346747407262508,0.5327694688676081,0.057133964444551974,-0.08336443416976855,0.9007473696252492,0.6252342433778877,0.37283775758652715,0.09059320786368283,0.9417709443919875,0.828325532243554,0.5661404373095141,0.20172673231367816,0.6416346156292929,-0.15130077640760176,0.6658067404343568,0.034685150732211234,0.11155420754312828,0.9999999999999999,0.5072964914226391,0.8185305296242268,0.847947516255679,-0.21323020358661393,-0.169906447549617,-0.1806208090857648,0.07763937007234153,0.10887355396040771,-0.11725002374449094,-0.1940200708970991,0.0908206607999779,-0.07830482010570394,-0.07972650129008865,0.23819170713938745,-0.3370901327722047,0.7419284290879937,0.9037742374250561,-0.10266440290258833,-0.07819617826016835,0.7255545465296016
Smruti R. Sarangi,0.7705409614065156,0.48477811589872394,0.2829002271616076,0.17435847786446196,0.22781842129498697,0.24606807458731114,0.648931138905339,0.6915375351283575,0.6900923287821471,0.5630900292436152,0.6703524727475589,0.14059233568527876,0.6851663384402992,0.7153652641812591,0.5001283859098897,0.22172204878921628,0.6429251205372765,0.6564487098801816,0.39590738173416995,0.5242889068377696,0.3623377168813869,0.48903446987177196,0.573453772092438,0.7124004344675988,0.5997371682762037,0.7351806977820263,0.5072964914226391,1.0000000000000002,0.43677439512979044,0.7809253108320491,0.15758479561219887,0.26931590952095175,0.17808994064737174,0.47814611477244373,0.6065992394859125,0.21073605809768237,0.08255526270313124,0.6291372241688928,0.13568599192106348,-0.119530939406371,0.5767818771335321,-0.03355017462508087,0.6319096058999878,0.6436160313299434,0.1542674207880778,0.4960160477943373,0.4688211630511706
Partha Talukdar,0.21351076973385927,0.25133253523242305,-0.01311339372617387,-0.16660262133657028,0.9207901866150205,-0.03962908752991243,0.58661920788379,0.11548142997947546,0.6389959429860914,0.7887778098204674,0.5092176800417342,0.5584776223998358,-0.18032786379515145,0.7124005377853986,0.36713144281441024,0.4001538016354304,0.1547853889757124,0.6935353711849725,0.9765121411974109,0.2718862826280136,0.039157418039155664,0.3622463815649688,0.027382587153038415,0.34308440498598386,0.20751248573057196,0.1580208420830405,0.8185305296242268,0.43677439512979044,1.0000000000000002,0.6975123403724252,-0.16746191876311475,-0.15579704189646013,0.21029674849973037,0.10887182364607581,-0.04870917101753931,0.16354264386912654,-0.17421522772205492,-0.06610434289526627,0.03614829122444558,0.03657621886145466,0.11175631585419273,-0.18212188594912795,0.5548442211885722,0.6091252597991161,-0.17004950783306344,-0.1726289931887791,0.5226686534058232
Nipun Batra,0.6599678859847359,0.626067179498992,0.25657596941954075,0.03601710089116776,0.3905952157700282,0.20524130037529578,0.8632309132901305,0.5134335635765218,0.9707058823268587,0.8395711765099305,0.7961331663050633,0.07415873172865942,0.1631016863782318,0.9599232160627676,0.6565938071897515,0.30147743179191083,0.20008883941115774,0.9484790572753806,0.6483492904964211,0.6505446129239608,0.34690047477862485,0.6658931258770799,0.11491321773370898,0.6497837644695671,0.5060429955904108,0.3672814742424321,0.847947516255679,0.7809253108320491,0.6975123403724252,1.0000000000000002,-0.0075126146628838614,0.02278653404525076,-0.024646118513918517,0.37539849308446993,0.1665947303326434,0.13241731116456132,-0.10737512943669433,0.16576981163025153,0.21936656633259433,-0.044295158592948525,0.17752745725480737,-0.2215262459345906,0.8796526808361506,0.9128094669698388,0.03688213181628634,-0.01018652452815967,0.679621395369913
Arindam Khan,-0.13794117134186737,-0.05174414880938061,0.707017696889955,0.951264086399916,-0.19748098447636145,0.8884548646137695,-0.21202164209032504,0.6773446039382296,-0.0182841731326195,-0.26860318761197677,0.5580420604591385,-0.19126713486885816,0.2735657311994016,-0.0004253844755385704,-0.1779298935632743,0.6709454356187349,-0.09481004277034352,-0.15084491704149708,-0.21990788115439835,0.516793568856517,0.832572336223933,-0.15757921948435108,-0.028042978347670857,-0.2258734104583303,0.11260898740306476,-0.29090423695523165,-0.21323020358661393,0.15758479561219887,-0.16746191876311475,-0.0075126146628838614,0.9999999999999998,0.9054577737805788,0.2493684263726141,-0.09189354943645917,-0.04637588977766128,0.40087012657517107,0.9073801111860539,0.1242879080845253,0.1491756152894893,0.0474046860539754,0.0732819371221196,0.28379993823386157,-0.17888920561574512,-0.029835450312224943,0.9464905060610596,-0.08738753211680238,-0.2807047301426978
Nitin Saxena,0.09348401530994747,0.03867362177285354,0.6778309069647043,0.9582664358032881,-0.1415316143685842,0.9029603442226118,-0.21279607131793965,0.6267831705280088,-0.05508985938546764,-0.15329908667023953,0.5281664519758962,-0.1835759247676651,0.4653482281223548,-0.006888542409021947,0.023465625347124888,0.7468253968253968,0.1696167481997025,-0.13315328125156878,-0.14577457410835987,0.4762968671359063,0.8307610783980014,-0.006388343499362586,0.10596114002910281,-0.13523765001882695,0.14187568612828355,-0.20116439240341294,-0.169906447549617,0.26931590952095175,-0.15579704189646013,0.02278653404525076,0.9054577737805788,1.0,0.0031263436395171937,-0.13492063492063497,0.17633081419863972,0.11560320791102242,0.9351111005331099,0.30678489926995894,-0.0425674536865664,-0.11086346760754173,0.16000512024577318,-0.007732100007102449,-0.09270001706311272,0.02007680023546362,0.9420052470987805,0.11995252645648036,-0.08638682210633122
KC Sivaramakrishnan,-0.32096032219059134,-0.19635301906936725,0.09643315705363756,-0.008592550726109984,0.26139718559208486,-0.11706368533500446,-0.10700997338804083,0.20575165574635007,-0.05978707948748894,-0.18116240608190334,0.12724909707356916,0.44973426277133294,0.01224615599946664,-0.05825043957775462,-0.3500496996551523,-0.0518973044159856,0.01843180978706373,-0.14692910176167887,0.08621022298821895,-0.09996451280572953,-0.07596940494218535,-0.2946292610418098,0.3041067194003672,-0.22137161466322697,0.3071494193848801,0.3350254068665241,-0.1806208090857648,0.17808994064737174,0.21029674849973037,-0.024646118513918517,0.2493684263726141,0.0031263436395171937,1.0,0.34702414398640963,-0.15861252070428156,0.8827431009692716,-0.041023663162757816,-0.06733731214842495,0.3286555733708636,0.11894671967617822,0.12815917963045703,0.6845488116990642,-0.1381066164286484,-0.2097298634878588,-0.0420447723859253,-0.06732583064332551,-0.3222939061800782
Raghavan Komondoor,0.3424467087143338,0.05156482903047134,0.13164007392500218,-0.2662686956627661,0.013948582230806628,-0.29146188326172906,0.2852372870857488,0.20892772350933625,0.31339303293058524,0.2589712726273949,0.31076632529162407,-0.0037721080431711847,0.32642380928833237,0.19012377048900608,0.44431651472490785,-0.25714285714285723,0.26612282907194695,0.2750379252081584,0.07930543526034572,-0.10157741908138421,-0.25394062375401094,0.4587439046208922,0.27247150293197864,0.29640168890136664,0.6519993442848265,0.6111323313521407,0.07763937007234153,0.47814611477244373,0.10887182364607581,0.37539849308446993,-0.09189354943645917,-0.13492063492063497,0.34702414398640963,0.9999999999999999,0.12134104997689897,0.5068756039175597,-0.3417169334894774,0.11939498473263598,0.7534439302522254,0.3665058715315113,0.1600051202457731,0.5451130505007231,0.5348077907487271,0.20299024360207313,-0.26438816706514634,0.17169675355535421,0.3923310837725823
Shweta Agrawal,0.6187042867271092,0.07677042811358266,-0.060502231445394565,0.04599971425502966,-0.07824306882746819,0.051541752498219275,0.2499250651601142,0.37984536746926734,0.1185277930752222,0.08974241373774443,0.016858537214376832,-0.0367197805749972,0.8911102294207585,0.2149764421800728,0.10472020726916252,0.0013633825840100922,0.8959041611300372,0.14139161914331883,-0.023884929979800715,0.11570103792705858,0.07817750263780282,0.0518230497928451,0.7242059169353395,0.7151351849317561,0.11092428128643118,0.6200623661014079,0.10887355396040771,0.6065992394859125,-0.04870917101753931,0.1665947303326434,-0.04637588977766128,0.17633081419863972,-0.15861252070428156,0.12134104997689897,1.0,-0.2673331828531528,0.11945443080622059,0.9796559596778195,-0.22668754185750428,-0.06252212108371294,0.8571260702065634,-0.0886618971051849,0.003776984711484605,0.12704389762713925,0.047352720615286344,0.9728680321343035,0.07326580904066633
V Krishna Nandivada,-0.2910816029676635,-0.22847949614550825,0.30275840040902724,0.12894525284443556,0.11877929350616845,0.038420226378229144,-0.030437857295030617,0.3405026123034995,0.11847139346578266,-0.1314394803590777,0.3573650209277712,0.27049620473881875,0.01632792093415401,0.0617467923935826,-0.20919556088103208,0.04801979405534777,-0.10485467442429879,-0.015591909509750016,0.018797035992801733,0.014080035964838263,0.058666141020398015,-0.14043108772001597,0.1387699669654741,-0.19785085244718958,0.47821993559974907,0.24822204518729804,-0.11725002374449094,0.21073605809768237,0.16354264386912654,0.13241731116456132,0.40087012657517107,0.11560320791102242,0.8827431009692716,0.5068756039175597,-0.2673331828531528,1.0,0.029171869815803886,-0.14315676302027333,0.5294168131077736,0.1569073102291836,0.017927963484674087,0.7147406611660948,0.03195902574162594,-0.0916983534729971,0.09874561925774938,-0.1976503397941759,-0.2325961084933266
Naveen Garg,-0.09926510496418936,-0.0916269913114497,0.6373471858055675,0.9595433642671516,-0.1394096193997907,0.9116097016507416,-0.2812717576297081,0.5425954715889633,-0.13072349302707165,-0.2606021318933176,0.428688877631121,-0.1622412765971283,0.32228405496615015,-0.054611212846778244,-0.1959327853587064,0.7394103551315172,0.04317088846091028,-0.2121378341497078,-0.17271044927798454,0.46848742340845806,0.8248175047535151,-0.21439189632198236,-5.1167101070653126e-18,-0.16607944752003345,-0.08186763256101974,-0.3926084205047462,-0.1940200708970991,0.08255526270313124,-0.17421522772205492,-0.10737512943669433,0.9073801111860539,0.9351111005331099,-0.041023663162757816,-0.3417169334894774,0.11945443080622059,0.029171869815803886,1.0,0.24834872907230693,-0.07505746185958073,0.0466570434722371,0.13778467676316178,0.031706274046332215,-0.2953286512696744,-0.07334015181744379,0.9648943583203303,0.05626052285003277,-0.2700061531610343
Arpita Patra,0.5883243104459069,0.05963478850162196,0.007692222729370019,0.19086021499831532,-0.10441889464445865,0.18812807974102064,0.24278967442458244,0.5238433695310536,0.12793120399827457,0.05130755052256161,0.09972449695935331,-0.08510844464675188,0.9244669307395023,0.22240219689451307,0.06939782876587368,0.11454869383942934,0.8586753879950523,0.1299742414893564,-0.05480433582010819,0.20747192006902918,0.2074792197014858,0.031218707189543293,0.6915693797156842,0.688728579769199,0.10188376655702026,0.5777181273544215,0.0908206607999779,0.6291372241688928,-0.06610434289526627,0.16576981163025153,0.1242879080845253,0.30678489926995894,-0.06733731214842495,0.11939498473263598,0.9796559596778195,-0.14315676302027333,0.24834872907230693,1.0000000000000002,-0.2138521347889949,-0.08041025756262554,0.9048015049839522,0.006009147119910748,-0.029556333886872264,0.12992060008791975,0.1917216014936965,0.9499469567562099,0.02196029696534169
Arnab Bhattacharya,-0.12350309104659905,-0.1451981566470218,0.49237796848893667,-0.047200970459446406,-0.0643393598612544,-0.09195620984470756,0.02124819376348281,0.08404377528635637,0.21177085578522528,-0.014368884872776967,0.4024432485944241,0.011464629058188836,-0.006252763672833169,0.10492860373351452,0.06812740787835402,-0.14558069160805714,-0.11293315290069034,0.08890507458854587,-0.04907938104920276,-0.03622708345694877,-0.08284392688351333,0.08582284886316865,0.07307003391638675,-0.020294683541885766,0.5666021976030007,0.1331609397873075,-0.07830482010570394,0.13568599192106348,0.03614829122444558,0.21936656633259433,0.1491756152894893,-0.0425674536865664,0.3286555733708636,0.7534439302522254,-0.22668754185750428,0.5294168131077736,-0.07505746185958073,-0.2138521347889949,0.9999999999999998,0.7751525221256328,-0.21883776883255185,0.6469493460765104,0.26772117295959735,0.022317279541934163,-0.019695079349438135,-0.19111733181887625,0.037463663241701015
Jayant Haritsa,-0.2780829028296776,-0.33645527872049863,0.3018062810133711,-0.08574899387941365,0.04507070475612943,-0.11817062277809491,-0.09798781527148337,-0.0960022677748992,-0.004946036339132058,-0.12084378293878054,0.13171153101943825,0.03824778401419538,-0.0610680522499325,-0.016965925127426458,-0.19427166534453127,-0.07395760273292588,-0.04165698684050709,-0.07255560258843372,-0.005255890307228943,-0.12039214851204337,-0.1501275692902882,-0.19938648413353405,0.052166928324410416,0.0440465425380692,0.10120088710947536,-0.12039953599783099,-0.07972650129008865,-0.119530939406371,0.03657621886145466,-0.044295158592948525,0.0474046860539754,-0.11086346760754173,0.11894671967617822,0.3665058715315113,-0.06252212108371294,0.1569073102291836,0.0466570434722371,-0.08041025756262554,0.7751525221256328,1.0000000000000002,-0.0507304122086375,0.5793002095887729,-0.09207213240610197,-0.13875959413097322,-0.020112737843447127,-0.03696159886627061,-0.14818034950644987
Bhavana Kanukurthi,0.5296993494810933,0.04331584251473486,-0.23745857845702356,0.06899739132968714,0.09336252234917461,0.0921734839760378,0.3803285534894446,0.5616156927828215,0.18276066219139384,0.18153574130459119,0.05908020464697487,-0.05238871296920051,0.7560217353944061,0.26757057122954725,0.09084548453280201,0.14240455701873814,0.7271527222313917,0.22251280201699494,0.12811287971368987,0.2135833066977134,0.11787410856688528,0.09567489389204537,0.5035434510665531,0.7289444502121397,-0.09032543253417967,0.5441696415430993,0.23819170713938745,0.5767818771335321,0.11175631585419273,0.17752745725480737,0.0732819371221196,0.16000512024577318,0.12815917963045703,0.1600051202457731,0.8571260702065634,0.017927963484674087,0.13778467676316178,0.9048015049839522,-0.21883776883255185,-0.0507304122086375,1.0000000000000002,0.20459791342591813,-0.004792031152559094,0.2016081775323756,0.08488894399538871,0.8313963978873824,0.09080959992557598
